1
2
3
5
7
8
9
10
11
12
13
15
16
17
18
19
20
21
22
23
24
25
26
27
28
29
34
35
36
37
53
54
55
56
57
58
59
60
61
62
63
64
65
66
71
85
86
125
155
156
157
158
159
160
261
287
312
313
365
373
378
397
402
405
406
407
408
409
410
424
462
510
989
1121
1126
1138
1140
1142
1145
1148
1150
1154
1157
1158
1171
1185
1186
1191
1196
1197
1198
1212
1258
1259
1260
1261
1262
1263
1264
1265
1276
1283
1285
1289
1292
1293
1294
1297
1317
1319
1481
1482
1483
1502
1507
1508
1512
1531
1532
1535
1536
1537
1538
1539
1540
1541
1542
1543
1544
1545
1546
1558
1559
1560
1561
1562
1563
1564
1565
1566
1567
1568
1570
1572
1575
1576
1578
1579
1580
1581
1582
1583
1584
1585
1586
1587
1588
1589
1660
1661
1662
1663
1692
1698
1699
1700
1701
1702
1703
1704
1705
1706
1707
1708
1710
1711
1712
1713
1714
1715
1716
1717
1718
1726
1759
1769
1770
1771
1775
1776
1777
1778
1779
1891
1975
1976
1978
2006
2007
2034
2035
2036
2037
2038
2061
2062
2073
2074
2076
2104
2105
2106
2113
2114
2115
2126
2128
2131
2132
2134
2135
2136
2137
2138
2169
2224
2734
2792
3000
3076
3077
3100
3101
3104
3141
3142
3143
3144
3145
3146
3147
3148
3149
3150
3151
3152
3153
3154
3155
3156
3157
3158
3159
3160
3161
3162
3163
3164
3165
3166
3167
3168
3169
3170
3171
3172
3173
3174
3175
3176
3177
3178
3179
3180
3181
3182
3183
3184
3185
3186
3187
3188
3189
3190
3191
3192
3193
3194
3195
3196
3197
3198
3199
3200
3201
3202
3203
3204
3205
3206
3207
3208
3209
3210
3211
3212
3213
3214
3656
3999
4000
4080
4081
4082
4088
4089
4136
4137
4138
4139
4140
4141
4142
4143
4144
4145
4146
4147
4148
4149
4150
4151
4152
4153
4154
4155
4156
4157
4158
4159
4160
4161
4162
4163
4164
4189
4191
4202
4208
4237
4239
4240
4291
4292
4293
4294
4295
4296
4297
4298
4299
4300
4301
4302
4303
4307
4308
4316
5903
6333
6335
6652
6656
7024
7026
7028
7031
7064
7065
7066
7067
7076
7091
7092
7125
7126
7127
7186
7642
7896
7974
7998
8007
8043
8131
8132
8137
8142
8147
8256
8259
8284
8285
8393
8959
9607
10227
10952
11515
11553
11554
11557
11562
11564
11569
11586
11593
11765
11766
11775
11776
11777
11778
11785
13293
13294
13295
13409
19716
19718
19864
21945
21958
21987
22279
22280
22281
22282
22285
26216
26241
26254
26259
26273
26284
26285
26294
26311
26337
27858
27912
28773
28774
28775
28776
28779
29439
29995
31597
